cv_loss: 0.23753271726513808
epoch: 42
lr: 0.00033285289255662905
save_time: 18/02/2024 20:58:33
step: 9240
